{
  "reward": 838.8,
  "accuracy": 0.9193999999999999,
  "precision": 0.9015075143532589,
  "recall": 0.8815733512420524,
  "f1_score": 0.8822781532593229
}